12
23
28
27
26
30
24
32
35
44
50
46
70
69
77
64
78
97
87
79
105
108
113
129
125
128
135
143
155
139
158
140
160
186
195
203
206
208
168
210
209
217
204
226
236
245
240
235
254
255
238
260
253
264
261
247
263
270
248
280
283
289
267
290
294
277
299
312
322
309
316
327
307
332
358
356
364
363
357
376
382
375
377
383
398
397
401
400
405
408
396
416
407
419
418
428
425
422
391
434
410
432
438
436
437
445
452
444
459
463
464
470
472
469
474
443
477
485
461
489
471
494
454
495
475
486
499
506
510
520
521
516
524
526
511
523
518
529
509
525
533
531
535
543
540
542
549
559
572
575
564
590
576
557
594
596
605
604
609
610
618
615
622
627
617
625
632
634
636
633
635
640
647
649
651
668
675
665
679
676
674
685
687
691
698
696
699
709
713
707
716
718
717
715
726
725
731
733
732
736
741
738
747
749
752
754
758
760
751
768
765
772
775
777
782
784
792
789
803
805
807
810
812
819
822
823
825
831
828
836
834
839
840
841
842
843
846
847
849
852
850
848
855
863
866
867
870
872
874
877
880
881
882
885
894
897
899
893
901
905
912
914
913
920
922
921
923
924
926
929
931
939
935
936
949
948
958
961
963
969
968
966
976
978
979
981
990
995
994
1012
1018
1020
1028
1029
1034
1027
1031
1032
1045
1051
1052
1046
1054
1058
1057
1077
1089
1090
1091
1083
1101
1105
1108
1112
1113
1114
1126
1124
1132
1129
1142
1156
1161
1164
1162
1172
1175
1178
1174
1180
1182
1191
1192
1199
1210
1211
1209
1212
1215
1213
1222
1220
1227
1231
1254
1252
1248
1244
1251
1258
1256
1264
1267
1274
1273
1282
1292
1300
1304
1309
1310
1316
1314
1323
1330
1334
1335
1337
1343
1345
1348
1354
1351
1381
1378
1380
1382
1384
1416
1433
1435
1436
1442
1446
1452
1454
1456
1459
1460
1467
1470
1475
1477
1482
1486
1508
1514
1518
1517
1522
1526
1527
1532
1529
1531
1543
1574
1580
1622
1628
1646
1654
1658
1663
1667
1673
1675
1676
1686
1688
1693
1696
1698
1701
1702
1697
1714
1733
1737
1746
1752
1766
1793
1812
1820
1831
1830
1834
1837
1833
1836
1839
1844
1854
1866
1867
1876
1878
1890
1896
1916
1919
1949
1954
1955
1965
1985
2019
2039
2089
2136
2138
2137
2145
2166
2168
2196
2194
2199
2203
2204
2226
2261
2265
2272
2281
2282
2283
2340
2354
2367
2375
2381
2396
2407
2416
2443
2464
2495
2585
2624
2626
2631
2673
2674
2709
2719
2722
2721
2724
2759
2760
2764
2768
2774
2782
2826
2900
2913
2957
2976
2978
2980
2990
2989
3055
3082
3083
3132
3133
3153
3167
3169
3194
3241
3242
3243
3245
3246
3265
3284
3285
3304
3315
3344
3358
3372
3371
3391
3413
3416
3443
3460
3483
3500
3512
3533
3538
3556
3565
3564
3596
3613
3688
3689
3692
3693
3698
3699
3711
3714
3715
3724
3744
3761
3772
3773
3774
3778
3780
3799
3804
3819
3828
3869
3870
3895
3920
3932
3943
3949
3952
3975
3995
4006
4005
4012
4049
4071
4075
4090
4169
4170
4176
4182
4204
4245
4275
4286
4291
4293
4315
4319
4327
4335
4340
4363
4373
4384
4388
4390
4389
4411
4434
4449
4466
4476
4478
4498
4523
4527
4530
4535
4544
4559
4602
4604
4617
4708
4712
4714
4721
4723
4733
4740
4760
4807
4835
4841
4858
4859
4868
4883
4892
4893
4896
4899
4904
4905
4929
4936
4937
4949
4971
4972
4973
4987
5018
5025
5037
5056
5076
5095
5103
5106
5109
5120
5121
5168
5177
5179
5180
5183
5199
5201
5216
5228
5291
5304
5319
5330
5338
5354
5381
5389
5405
5408
5413
5424
5425
5441
5440
5446
5476
5499
5520
5526
5535
5540
5541
5542
5552
5563
5580
5642
5645
5655
5677
5732
5735
5746
5751
5752
5766
5767
5809
5828
5860
5861
5883
5916
620
630
440
5950
5965
5956
5969
6017
6029
6031
6078
6084
6089
6085
6106
6112
6119
6113
6189
6184
6214
6231
6232
6291
6294
6288
6306
6326
6333
6337
6341
6354
6368
6370
6389
6394
6416
6423
6430
6476
6486
6492
6497
6496
6517
6542
6544
6560
6574
6579
6594
6624
6640
6625
6641
6644
6645
6646
6648
6677
6676
6708
6713
6712
6766
6747
6870
6859
6888
6875
6906
6910
6913
6949
6942
6969
6958
6976
7009
7016
7030
7018
7025
7023
7061
7079
7062
7095
7103
7091
7115
7116
7211
7220
7229
7276
7290
7316
7297
7323
7342
7349
7357
7334
7362
7370
7377
7388
7391
7410
7406
7436
7473
7480
7531
7529
7544
7536
7554
7568
7565
7562
7624
7628
7636
7644
7663
7657
7684
7683
7687
7688
7704
7726
7758
7774
7795
7807
7815
7816
7847
7897
7905
7916
7984
7997
7993
8002
8018
8075
8094
8102
8104
8118
8116
8089
8143
8158
8159
8164
8165
8169
8162
8204
8217
8230
8233
8254
8267
8269
8323
8343
8346
8337
8371
8372
8383
8381
8378
8382
8425
8438
8440
8437
8404
8463
8464
8466
8468
8467
8481
8460
8469
8487
8504
8515
8519
8560
8559
8575
8640
8651
8669
8673
8674
8697
8721
8731
8727
8746
8741
8764
8781
8783
8782
8766
8785
8756
8819
8836
8843
8835
8846
8854
8867
8864
8897
8905
8909
8910
8920
8938
8956
8957
8955
8944
8972
8985
8978
9004
9001
9020
9038
9069
9033
9083
9121
9127
9129
9136
9140
9144
9152
9166
9171
9195
9198
9196
9205
9208
9204
9217
9209
9222
9235
9246
9252
9262
9277
9269
9279
9267
9282
9281
9289
9304
9303
9317
9321
9278
9296
9343
9332
9298
9354
9350
9365
9341
9368
9386
9342
9382
9388
9409
9395
9413
9420
9418
9421
9426
9427
9441
9444
9452
9455
9457
9459
9439
9469
9474
9470
9445
9495
9498
9500
9475
9506
9493
9510
9483
9503
9514
9517
9509
9522
9519
9521
9532
9533
9558
9554
9561
9565
9587
9590
9594
9564
9615
9630
9619
9643
9647
9582
9654
9655
9650
9656
9667
9670
9648
9681
9661
9678
9679
9691
9692
9707
9709
9714
9724
9717
9741
9721
9756
9757
9747
9775
9780
9783
9778
9788
9791
9802
9799
9789
9772
9815
9820
9825
9838
9839
9849
9842
9872
9865
9875
9881
9876
9896
9893
9897
9901
9877
9892
9908
9914
9925
9916
9939
9951
9962
9971
9967
9949
9974
9928
9976
9972
9978
9975
9989
9988
9983
9997
9970
9998
9999
9992
10005
10009
10008
10004
10010
10012
10006
10033
10028
10038
10031
10042
10043
10041
10039
10045
10048
10050
10053
10058
10051
10068
10069
10071
10063
10057
10078
10080
10081
10075
10066
10087
10070
10089
10083
10094
10095
10098
10040
10103
10108
10105
10114
10118
10124
10137
10138
10148
10143
10151
10133
10128
10153
10158
10159
10162
10157
10166
10140
10167
10172
10160
10171
10178
10179
10184
10187
10189
10186
10193
10200
10174
10129
10204
10198
10207
10210
10208
10212
10213
10211
10214
10218
10227
10231
10229
10234
10236
10240
10242
10222
10235
10248
10252
10255
10230
10254
10261
10260
10265
10262
10273
10276
10269
10278
10266
10281
10280
10285
10268
10290
10288
10292
10306
10305
10308
10310
10311
10318
10314
10320
10321
10307
10317
10326
10327
10323
10332
10333
10331
10334
10330
10303
10340
10343
10345
10344
10353
10352
10356
10355
10341
10357
10354
10367
10375
10376
10369
10374
10361
10370
10384
10391
10392
10397
10382
10399
10377
10380
10402
10400
10403
10411
10414
10393
10409
10407
10418
10406
10429
10428
10412
10433
10431
10435
10427
10442
10443
10401
10426
10439
10437
10444
10446
10447
10448
10450
10453
10451
10454
10455
10459
10463
10466
10468
10470
10469
10475
10476
10474
10479
10478
10485
10480
10488
10473
10487
10486
10489
10492
10496
10493
10497
10490
10499
10504
10503
10512
10514
10510
10513
10527
10519
10529
10534
10526
10525
10535
10533
10539
10542
10543
10524
10538
10541
10545
10552
10536
10553
10547
10556
10549
10560
10565
10537
10562
10567
10544
10566
10569
10555
10570
10572
10581
10576
10583
10582
10585
10586
10590
10591
10596
10575
10597
10592
10584
10600
10587
10602
10601
10610
10612
10613
10614
10615
10608
10617
10618
10619
10603
10621
10624
10628
10599
10631
10630
10634
10637
10623
10625
10633
10639
10642
10641
10652
10649
10650
10644
10651
10664
10657
10663
10669
10654
10662
10670
10675
10683
10665
10674
10685
10690
10686
10666
10700
10701
10688
10707
10708
10696
10693
10713
10712
10702
10722
10714
10705
10726
10711
10731
10733
10728
10710
10735
10739
10734
10706
10740
10742
10751
10743
10744
10753
10736
10755
10738
10719
10763
10757
10746
10773
10779
10774
10771
10788
10783
10778
10798
10794
10797
10791
10804
10793
10801
10802
10806
10799
10811
10803
10805
10813
10810
10809
10795
10830
10833
10834
10835
10831
10838
10840
10839
10846
10843
10822
10852
10841
10853
10856
10860
10867
10832
10872
10850
10874
10826
10876
10875
10878
10871
10880
10879
10882
10873
10859
10863
10877
10890
10893
10897
10895
10902
10887
10900
10905
10904
10914
10896
10912
10911
10923
10918
10932
10942
10907
10924
10946
10944
10938
10952
10955
10954
10936
10945
10959
10960
10966
10961
10970
10962
10973
10979
10981
10982
10985
10984
10988
10986
10983
10992
10995
10990
10999
11000
11004
11005
10994
11007
11008
11012
10998
11015
10997
11022
11021
11024
11019
11018
11026
11028
11030
11033
11032
11017
11023
11037
11038
11039
11036
11035
11041
11042
11031
11029
11045
11044
11046
11047
11048
11049
11052
11054
11056
11055
11053
11060
11057
11064
11059
11062
11066
11068
11072
11071
11076
11069
11070
11067
11065
11074
11080
11082
11079
11077
11081
11089
11088
11091
11084
11092
11058
11095
11099
11100
11106
11104
11094
11085
11101
11111
11108
11107
11103
11115
11116
11114
11118
11113
11122
11123
11120
11128
11129
11126
11121
11119
11105
11136
11140
11139
11143
11142
11112
11132
11109
11149
11148
11147
11145
11135
11141
11152
11170
11162
11169
11173
11155
11178
11183
11186
11193
11194
11200
11208
11207
11211
11215
11222
11223
11238
11235
11239
11243
11248
11206
11245
11236
11237
11252
11259
11262
11265
11270
11276
11281
11282
11285
11287
11283
11294
11296
11299
11301
11300
11305
11304
11308
11289
11306
11311
11312
11309
11310
11303
11319
11322
11323
11316
11291
11327
11329
11324
11334
11315
11336
11337
11326
11339
11341
11335
11342
11344
11331
11292
11349
11343
11333
11297
11355
11350
11348
11338
11346
11353
11362
11361
11354
11366
11368
11367
11369
11370
11365
11377
11372
11373
11382
11374
11384
11385
11378
11376
11390
11388
11383
11393
11394
11395
11389
11398
11401
11403
11379
11407
11387
11386
11410
11400
11408
11405
11413
11415
11404
11396
11419
11412
11421
11417
11418
11406
11425
11426
11414
11424
11411
11423
11433
11427
11422
11431
11432
11429
11438
11442
11444
11447
11448
11443
11455
11453
11457
11440
11456
11464
11463
11470
11462
11473
11474
11465
11466
11475
11469
11478
11482
11477
11483
11486
11485
11481
11488
11490
11489
11492
11493
11480
11491
11497
11495
11496
11500
11502
11471
11504
11503
11487
11479
11506
11501
11499
11494
11512
11511
11509
11507
11515
11517
11520
11508
11521
11513
11522
11524
11526
11525
11529
11528
11532
11534
11505
11536
11533
11518
11537
11540
11539
11530
11527
11545
11547
11548
11550
11549
11542
11552
11535
11543
11555
11556
11541
11557
11559
11551
11562
11516
11564
11553
11565
11568
11554
11569
11567
11572
11573
11570
11577
11579
11581
11582
11580
11563
11583
11546
11585
11589
11594
11588
11590
11598
11600
11599
11601
11578
11604
11605
11595
11596
11593
11607
11597
11610
11611
11612
11613
11615
11609
11608
11617
11618
11616
11620
11622
11626
11627
11634
11631
11633
11624
11629
11623
11630
11621
11625
11632
11635
11636
11648
11645
11642
11643
11646
11639
11641
11638
11644
11649
11660
11657
11656
11661
11650
11651
11659
11655
11663
11654
11666
11667
11670
11668
11662
11672
11665
11673
11658
11671
11653
11669
11674
11675
11677
11679
11680
11686
11688
11683
11682
11681
11689
11694
11693
11685
11692
11690
11698
11684
11696
11697
11700
11703
11699
11676
11706
11711
11704
11702
11707
11714
11708
11716
11710
11720
11713
11718
11724
11709
11727
11721
11723
11725
11732
11717
11735
11733
11728
11734
11738
11741
11744
11737
11736
11726
11747
11746
11748
11750
11751
11756
11749
11730
11752
11753
11740
11742
11755
11757
11768
11761
11760
11758
11763
11771
11773
11762
11759
11776
11774
11775
11767
11764
11772
11777
11779
11778
11784
11780
11783
11785
11786
11787
11788
11789
11790
11791
11794
11793
11796
11792
11799
11798
11801
11800
11802
11803
11797
11807
11806
11814
11810
11815
11809
11811
11808
11817
11805
11818
11823
11816
11822
11824
11825
11826
11828
11829
11832
11831
11839
11838
11837
11827
11835
11836
11840
11841
11847
11845
11844
11846
11848
11849
11852
11851
11854
11857
11858
11862
11853
11863
11859
11867
11866
11864
11870
11869
11861
11860
11871
11873
11865
11877
11881
11887
11884
11878
11880
11888
11876
11875
11889
11890
11882
11879
11883
11892
11895
11902
11896
11897
11900
11894
11901
11908
11903
11906
11914
11910
11912
11918
11916
11917
11904
11920
11915
11924
11923
11928
11929
11930
11932
11913
11933
11937
11934
11909
11907
11905
11938
11939
11943
11936
11941
11952
11954
11955
11947
11957
11958
11959
11960
11961
11962
11963
11964
11965
11966
11967
11969
11970
11971
11972
11973
11974
11975
11976
11977
11978
11979
11980
11981
11982
11983
11984
11985
11986
11987
11988
11989
11990
11992
11993
11996
11994
11995
11997
12000
11999
12001
12002
12003
12004
12006
12007
12010
12011
12012
12013
12014
12015
12017
12018
12019
12020
12022
12023
12024
12025
12027
12028
12029
12031
12033
12032
12034
12035
12036
12038
12037
12039
12042
12043
12045
12048
12049
12050
12052
12053
12054
12055
12056
12057
12058
12060
12061
12062
12064
12065
12063
12066
12067
12068
12069
12072
12074
12073
12075
12076
12077
12078
12079
12080
12081
12082
12083
12084
12086
12085
12087
12089
12088
12090
12091
12092
12094
12093
12095
12099
12101
12100
12102
12103
12104
12105
12106
12109
12111
12112
12110
12113
12114
12115
12116
12118
12125
12126
12133
12135
12137
12138
12139
12140
12142
12143
12150
12151
12152
12154
12153
12155
12158
12159
12162
12160
12167
12169
12170
12173
12174
12175
12178
12179
12182
12183
12185
12187
12188
12191
12190
12193
12195
12200
12201
12199
12208
12209
12214
12216
12217
12220
12222
12224
12225
12226
12229
12233
12239
12242
12243
12246
12247
12248
12250
12249
12256
12254
12257
12258
12260
12270
12274
12275
12278
12279
12280
12281
12282
12283
12284
12285
12287
12286
12288
12289
12290
12292
12298
12297
12299
12301
12303
12304
12307
12308
12311
12313
12314
12312
12315
12316
12318
12319
12321
12322
12323
12326
12331
12333
12332
12334
12335
12337
12339
12338
12341
12340
12344
12343
12345
12347
12346
12348
12350
12352
12353
12354
12356
12358
12361
12364
12367
12368
12371
12373
12374
12375
12376
12378
12377
12379
12380
12381
12382
12383
12385
12386
12389
12391
12393
12394
12395
12397
12398
12401
12403
12405
12407
12406
12408
12409
12410
12411
12412
12413
12414
12415
12416
12418
12417
12419
12420
12421
12422
12423
12424
12425
12429
12430
12428
12433
12434
12437
12439
12441
12443
12442
12446
12447
12448
12449
12451
12454
12455
12456
12457
12458
12459
12461
12462
12463
12464
12465
12467
12470
12469
12472
12471
12473
12474
12475
12477
12476
12479
12481
12482
12480
12483
12485
12486
12487
12488
12489
12490
12491
12492
12494
12493
12496
12497
12498
12499
12502
12503
12504
12505
12506
12507
12508
12509
12511
12512
12513
12514
12516
12517
12519
12518
12521
12524
12526
12527
12528
12529
12532
12531
12535
12536
12537
12538
12539
12541
12546
12547
12548
12549
12551
12552
12553
12557
12559
12558
12560
12561
12563
12565
12572
12573
12574
12575
12579
12577
12578
12582
12584
12583
12585
12586
12587
12588
12589
12590
12591
12593
12595
12596
12594
12592
12597
12599
12598
12600
12601
12602
12603
12606
12604
12605
12607
12608
12609
12610
12612
12613
12615
12616
12614
12620
12622
12624
12623
12625
12626
12628
12629
12630
12631
12632
12635
12633
12634
12636
12637
12638
12639
12641
12642
12643
12644
12645
12646
12647
12648
12650
12651
12652
12653
12649
12654
12658
12656
12659
12660
12661
12662
12663
12666
12664
12667
12665
12669
12672
12673
12674
12675
12677
12676
12678
12682
12680
12679
12681
12683
12685
12686
12687
12688
12689
12691
12692
12693
12694
12695
12696
12697
12698
12699
12702
12701
12700
12703
12704
12706
12707
12705
12708
12709
12712
12713
12714
12715
12716
12717
12719
12720
12721
12722
12723
12725
12726
12729
12730
12732
12731
12734
12735
12737
12738
12739
12740
12741
12742
12744
12745
12746
12747
12748
12749
12750
12751
12752
12753
12754
12755
12757
12756
12758
12759
12760
12761
12762
12763
12765
12766
12767
12770
12769
12771
12773
12775
12776
12774
12777
12779
12781
12782
12783
12787
12788
12789
12790
12791
12792
12793
12794
12795
12799
12796
12797
12798
12800
12801
12803
12802
12804
12805
12806
12807
12809
12808
12811
12812
12813
12814
12815
12816
12819
12818
12821
12822
12824
12827
12826
12832
12831
12833
12834
12835
12836
12837
12838
12839
12840
12841
12843
12844
12842
12845
12846
12847
12848
12849
12850
12851
12852
12853
12854
12856
12857
12858
12861
12859
12860
12862
12863
12864
12866
12867
12868
12865
12870
12871
12869
12873
12874
12875
12876
12877
12879
12880
12881
12882
12884
12885
12886
12889
12887
12888
12890
12891
12892
12895
12894
12897
12902
12901
12903
12905
12906
12907
12909
12910
12912
12913
12914
12915
12916
12917
12919
12918
12921
12923
12924
12922
12926
12925
12927
12928
12929
12930
12931
12932
12933
12935
12934
12936
12937
12938
12939
12940
12941
12942
12943
12944
12945
12946
12948
12949
12950
12953
12955
12954
12957
12958
12959
12961
12960
12962
12964
12965
12963
12966
12967
12968
12969
12970
12971
12972
12973
12974
12975
12976
12977
12979
12978
12980
12982
12981
12983
12984
12989
12991
12992
12993
12994
12996
12995
12997
12998
12999
13001
13002
13003
13004
13005
13006
13007
13008
13009
13010
13011
13012
13013
13014
13015
13017
13016
13019
13020
13021
13022
13023
13025
13024
13026
13027
13028
13029
13031
13032
13035
13034
13036
13037
13038
13039
13040
13041
13042
13043
13045
13046
13047
13051
13050
13052
13053
13055
13054
13056
13057
13058
13059
13060
13061
13062
13063
13065
13064
13066
13067
13068
13070
13072
13071
13075
13076
13077
13079
13081
13082
13083
13084
13085
13086
13088
13091
13092
13094
13093
13095
13096
13097
13098
13099
13100
13101
13102
13103
13104
13105
13106
13107
13108
13109
13113
13114
13115
13116
13118
13117
13120
13121
13124
13125
13127
13128
13129
13126
13130
13132
13134
13135
13133
13142
13136
13143
13144
13145
13147
13148
13149
13151
13150
13154
13155
13156
13157
13158
13160
13161
13163
13162
13164
13165
13166
13167
13170
13171
13172
13173
13174
13175
13177
13178
13179
13180
13181
13182
13183
13184
13185
13186
13188
13189
13190
13191
13193
13194
13195
13196
13197
13198
13199
13200
13202
13201
13204
13203
13205
13206
13207
13208
13209
13212
13213
13216
13215
13217
13218
13219
13220
13221
13222
13223
13224
13226
13225
13227
13228
13229
13230
13231
13232
13233
13234
13236
13237
13238
13239
13240
13241
13242
13243
13244
13245
13246
13248
13247
13251
13249
13252
13253
13254
13255
13256
13258
13259
13260
13261
13262
13263
13264
13266
13268
13269
13270
13273
13274
13275
13276
13278
13279
13281
13282
13283
13284
13285
13286
13288
13289
13290
13291
13292
13293
13295
13294
13296
13297
13298
13299
13300
13301
13302
13304
13305
13306
13307
13308
13310
13309
13311
13312
13313
13314
13315
13316
13317
13318
13319
13320
13321
13322
13323
13325
13327
13328
13329
13331
13332
13333
13336
13335
13334
13337
13339
13341
13340
13343
13344
13346
13347
13348
13349
13350
13351
13352
13353
13354
13355
13356
13357
13358
13359
13360
13361
13362
13363
13364
13366
13365
13367
13370
13368
13369
13371
13373
13372
13374
13375
13381
13380
13383
13384
13382
13385
13386
13388
13389
13390
13391
13393
13392
13395
13394
13396
13397
13398
13399
13401
13400
13402
13404
13405
13403
13406
13407
13408
13410
13412
13411
13413
13414
13415
13417
13418
13419
13420
13421
13422
13423
13425
13426
13427
13428
13429
13430
13431
13432
13433
13434
13435
13436
13438
13439
13441
13442
13443
13445
13447
13448
13449
13453
13454
13452
13455
13456
13457
13458
13459
13460
13461
13462
13464
13463
13465
13467
13469
13468
13470
13471
13472
13473
13475
13476
13479
13481
13483
13485
13486
13487
13488
13489
13490
13491
13492
13493
13495
13494
13497
13499
13501
13502
13503
13504
13505
13506
13511
13509
13508
13512
13513
13515
13516
13517
13518
13519
13521
13522
13523
13524
13525
13526
13529
13532
13533
13534
13535
13536
13539
13538
13541
13542
13545
13547
13548
13549
13551
13552
13553
13554
13555
13556
13557
13558
13559
13561
13562
13563
13564
13565
13566
13568
13569
13572
13574
13573
13575
13576
13577
13579
13581
13583
13584
13585
13586
13587
13588
13589
13590
13592
13593
13595
13596
13594
13597
13598
13599
13601
13602
13603
13604
13605
13606
13607
13608
13610
13611
13612
13613
13614
13615
13622
13623
13625
13624
13627
13629
13631
13633
13635
13637
13634
13639
13642
13641
13643
13644
13646
13647
13648
13650
13651
13652
13653
13654
13656
13655
13658
13659
13660
13661
13662
13664
13663
13665
13666
13667
13668
13670
13671
13672
13673
13674
13675
13677
13679
13680
13681
13682
13683
13685
13684
13686
13688
13689
13690
13687
13691
13692
13693
13695
13696
13697
13698
13702
13704
13703
13705
13706
13707
13708
13710
13711
13713
13714
13712
13716
13718
13717
13715
13720
13719
13721
13723
13722
13724
13726
13725
13728
13729
13730
13731
13732
13734
13735
13742
13743
13744
13745
13749
13751
13752
13753
13750
13755
13756
13758
13757
13760
13761
13762
13764
13766
13763
13768
13767
13769
13770
13773
13777
13776
13775
13781
13779
13782
13778
13784
13785
13783
13789
13790
13788
13792
13793
13794
13795
13796
13798
13800
13801
13802
13803
13804
13805
13806
13807
13808
13810
13811
13813
13809
13814
13812
13815
13817
13819
13821
13822
13823
13824
13825
13826
13827
13828
13829
13831
13833
13832
13834
13836
13835
13838
13837
13839
13840
13841
13842
13843
13844
13846
13847
13849
13850
13852
13853
13855
13856
13857
13858
13859
13861
13863
13860
13862
13864
13865
13866
13867
13868
13870
13869
13872
13874
13875
13871
13876
13879
13877
13878
13882
13885
13887
13888
13889
13886
13890
13891
13893
13892
13894
13895
13898
13899
13903
13904
13905
13902
13908
13906
13910
13911
13912
13913
13914
13915
13916
13917
13918
13919
13920
13922
13924
13925
13923
13927
13926
13928
13929
13930
13931
13932
13933
13934
13935
13936
13937
13938
13940
13944
13945
13946
13949
13950
13951
13952
13953
13954
13955
13957
13956
13958
13959
13960
13961
13963
13964
13965
13966
13967
13969
13970
13971
13972
13974
13973
13976
13977
13975
13978
13979
13980
13981
13982
13983
13985
13986
13987
13988
13989
13991
13993
13994
13996
13997
13998
13999
14001
14000
14002
14004
14003
14005
14007
14010
14009
14011
14012
14014
14022
14024
14025
14023
14027
14028
14029
14030
14031
14032
14033
14034
14035
14036
14037
14038
14039
14041
14040
14042
14043
14044
14046
14045
14048
14049
14050
14051
14054
14053
14055
14056
14057
14058
14059
14060
14061
14062
14063
14064
14065
14067
14068
14069
14070
14072
14071
14073
14074
14076
14077
14078
14079
14083
14084
14085
14086
14087
14088
14089
14090
14091
14092
14093
14095
14097
14096
14098
14099
14100
14102
14101
14103
14105
14106
14104
14107
14108
14111
14112
14113
14114
14115
14118
14119
14121
14122
14123
14124
14125
14126
14128
14129
14127
14130
14131
14132
14133
14134
14136
14137
14138
14139
14140
14141
14143
14142
14144
14145
14146
14147
14148
14150
14151
14153
14154
14155
14156
14157
14158
14159
14161
14162
14163
14164
14165
14166
14167
14168
14169
14170
14171
14172
14173
14174
14176
14177
14178
14179
14180
14181
14182
14183
14184
14187
14186
14188
14190
14189
14191
14192
14195
14194
14196
14197
14198
14199
14200
14202
14203
14204
14205
14206
14207
14208
14209
14210
14212
14213
14211
14214
14215
14216
14217
14218
14219
14220
14221
14222
14223
14224
14226
14228
14230
14231
14233
14234
14235
14237
14236
14239
14240
14242
14244
14245
14246
14247
14248
14249
14250
14251
14252
14253
14254
14255
14257
14261
14262
14263
14264
14268
14269
14270
14271
14273
14274
14275
14276
14277
14278
14279
14280
14281
14282
14283
14284
14285
14286
14287
14288
14289
14290
14291
14292
14293
14294
14295
14296
14297
14298
14299
14300
14301
14302
14303
14304
14305
14306
14307
14308
14309
14310
14311
14312
14313
14314
14316
14317
14318
14319
14320
14321
14323
14324
14325
14327
14328
14330
14332
14331
14333
14334
14335
14337
14338
14339
14340
14342
14343
14344
14345
14346
14348
14350
14351
14352
14354
14356
14357
14358
14360
14359
14361
14364
14365
14367
14368
14370
14369
14371
14372
14373
14375
14374
14376
14378
14379
14380
14383
14384
14385
14398
14403
14406
14416
14417
14418
14419
14420
14421
14422
14423
14425
14426
14427
14428
14429
14431
14432
14430
14434
14433
14436
14435
14438
14439
14440
14441
14443
14442
14444
14445
14446
14447
14448
14450
14449
14451
14454
14453
14456
14457
14458
14459
14461
14462
14463
14464
14465
14466
14467
14468
14469
14470
14471
14472
